0b000601 0b002001 10000 100 262144 9990000 824874 30301
0b000001 0b002001 10000 100 262144 9990000 839030 30301
0b000b01 0b002001 10000 100 262144 9990000 841649 30301
0b001f01 0b002001 10000 100 262144 9990000 853730 30301
0b001401 0b002001 10000 100 262144 9990000 854108 30301
0b000a01 0b002001 10000 100 262144 9990000 859300 30301
0b000c01 0b002001 10000 100 262144 9990000 873041 30301
0b000401 0b002001 10000 100 262144 9990000 875826 30301
0b000701 0b002001 10000 100 262144 9990000 876868 30301
0b001e01 0b002001 10000 100 262144 9990000 884218 30301
0b000d01 0b002001 10000 100 262144 9990000 887086 30301
0b001901 0b002001 10000 100 262144 9990000 887381 30301
0b001d01 0b002001 10000 100 262144 9990000 892739 30301
0b001601 0b002001 10000 100 262144 9990000 906148 30301
0b001701 0b002001 10000 100 262144 9990000 910925 30301
0b001201 0b002001 10000 100 262144 9990000 911220 30301
0b001a01 0b002001 10000 100 262144 9990000 912013 30301
0b001001 0b002001 10000 100 262144 9990000 912391 30301
0b000301 0b002001 10000 100 262144 9990000 919658 30301
0b000801 0b002001 10000 100 262144 9990000 921447 30301
0b001b01 0b002001 10000 100 262144 9990000 925477 30301
0b000e01 0b002001 10000 100 262144 9990000 935234 30301
0b000501 0b002001 10000 100 262144 9990000 935612 30301
0b000f01 0b002001 10000 100 262144 9990000 953646 30301
0b001501 0b002001 10000 100 262144 9990000 954909 30301
0b001801 0b002001 10000 100 262144 9990000 982465 30301
0b001101 0b002001 10000 100 262144 9990000 984261 30301
0b000201 0b002001 10000 100 262144 9990000 987487 30301
0b001301 0b002001 10000 100 262144 9990000 1004998 30301
0b001c01 0b002001 10000 100 262144 9990000 1011922 30301
0b000101 0b002001 10000 100 262144 9990000 1054309 30301
0b000901 0b002001 10000 100 262144 9990000 1240842 30301
