128
0 0 0 32 65536 0 -3681 0 10000000
0 1 1 32 65536 50000 -1588 0 0
0 2 2 32 65536 50000 -2792 0 0
0 3 3 32 65536 50000 -4087 0 0
1 0 0 32 65536 0 -1971 1 10000000
1 1 1 32 65536 50000 -914 1 0
1 2 2 32 65536 50000 1848 1 0
1 3 3 32 65536 50000 -4158 1 0
2 0 0 32 65536 0 -511 2 10000000
2 1 1 32 65536 50000 -1247 2 0
2 2 2 32 65536 50000 4625 2 0
2 3 3 32 65536 50000 1346 2 0
3 0 0 32 65536 0 2031 3 10000000
3 1 1 32 65536 50000 1673 3 0
3 2 2 32 65536 50000 1723 3 0
3 3 3 32 65536 50000 825 3 0
4 0 0 32 65536 0 -2931 4 10000000
4 1 1 32 65536 50000 1650 4 0
4 2 2 32 65536 50000 743 4 0
4 3 3 32 65536 50000 -4424 4 0
5 0 0 32 65536 0 -3055 5 10000000
5 1 1 32 65536 50000 -3993 5 0
5 2 2 32 65536 50000 1190 5 0
5 3 3 32 65536 50000 4035 5 0
6 0 0 32 65536 0 3124 6 10000000
6 1 1 32 65536 50000 3860 6 0
6 2 2 32 65536 50000 -3837 6 0
6 3 3 32 65536 50000 -2529 6 0
7 0 0 32 65536 0 4489 7 10000000
7 1 1 32 65536 50000 -604 7 0
7 2 2 32 65536 50000 -351 7 0
7 3 3 32 65536 50000 3267 7 0
8 0 0 32 65536 0 -2903 8 10000000
8 1 1 32 65536 50000 3022 8 0
8 2 2 32 65536 50000 -1781 8 0
8 3 3 32 65536 50000 2107 8 0
9 0 0 32 65536 0 208 9 10000000
9 1 1 32 65536 50000 -2591 9 0
9 2 2 32 65536 50000 -822 9 0
9 3 3 32 65536 50000 2250 9 0
10 0 0 32 65536 0 3956 10 10000000
10 1 1 32 65536 50000 4709 10 0
10 2 2 32 65536 50000 -2069 10 0
10 3 3 32 65536 50000 -121 10 0
11 0 0 32 65536 0 3167 11 10000000
11 1 1 32 65536 50000 814 11 0
11 2 2 32 65536 50000 3576 11 0
11 3 3 32 65536 50000 4934 11 0
12 0 0 32 65536 0 -4632 12 10000000
12 1 1 32 65536 50000 -4880 12 0
12 2 2 32 65536 50000 -1242 12 0
12 3 3 32 65536 50000 -4958 12 0
13 0 0 32 65536 0 -3052 13 10000000
13 1 1 32 65536 50000 -1721 13 0
13 2 2 32 65536 50000 -891 13 0
13 3 3 32 65536 50000 -2424 13 0
14 0 0 32 65536 0 4712 14 10000000
14 1 1 32 65536 50000 566 14 0
14 2 2 32 65536 50000 -2603 14 0
14 3 3 32 65536 50000 819 14 0
15 0 0 32 65536 0 4883 15 10000000
15 1 1 32 65536 50000 1655 15 0
15 2 2 32 65536 50000 -704 15 0
15 3 3 32 65536 50000 -4626 15 0
16 0 0 32 65536 0 -2477 16 10000000
16 1 1 32 65536 50000 4951 16 0
16 2 2 32 65536 50000 1153 16 0
16 3 3 32 65536 50000 3992 16 0
17 0 0 32 65536 0 4600 17 10000000
17 1 1 32 65536 50000 -3066 17 0
17 2 2 32 65536 50000 3803 17 0
17 3 3 32 65536 50000 2946 17 0
18 0 0 32 65536 0 167 18 10000000
18 1 1 32 65536 50000 2951 18 0
18 2 2 32 65536 50000 3161 18 0
18 3 3 32 65536 50000 1189 18 0
19 0 0 32 65536 0 488 19 10000000
19 1 1 32 65536 50000 680 19 0
19 2 2 32 65536 50000 3717 19 0
19 3 3 32 65536 50000 -1953 19 0
20 0 0 32 65536 0 3912 20 10000000
20 1 1 32 65536 50000 720 20 0
20 2 2 32 65536 50000 -4532 20 0
20 3 3 32 65536 50000 3081 20 0
21 0 0 32 65536 0 -4643 21 10000000
21 1 1 32 65536 50000 500 21 0
21 2 2 32 65536 50000 2324 21 0
21 3 3 32 65536 50000 69 21 0
22 0 0 32 65536 0 3665 22 10000000
22 1 1 32 65536 50000 -4197 22 0
22 2 2 32 65536 50000 823 22 0
22 3 3 32 65536 50000 -470 22 0
23 0 0 32 65536 0 -4052 23 10000000
23 1 1 32 65536 50000 926 23 0
23 2 2 32 65536 50000 3842 23 0
23 3 3 32 65536 50000 -3716 23 0
24 0 0 32 65536 0 -1104 24 10000000
24 1 1 32 65536 50000 -3850 24 0
24 2 2 32 65536 50000 4462 24 0
24 3 3 32 65536 50000 -4084 24 0
25 0 0 32 65536 0 4117 25 10000000
25 1 1 32 65536 50000 1442 25 0
25 2 2 32 65536 50000 -3982 25 0
25 3 3 32 65536 50000 3102 25 0
26 0 0 32 65536 0 1100 26 10000000
26 1 1 32 65536 50000 1093 26 0
26 2 2 32 65536 50000 4206 26 0
26 3 3 32 65536 50000 2103 26 0
27 0 0 32 65536 0 1079 27 10000000
27 1 1 32 65536 50000 -721 27 0
27 2 2 32 65536 50000 -613 27 0
27 3 3 32 65536 50000 3646 27 0
28 0 0 32 65536 0 4888 28 10000000
28 1 1 32 65536 50000 2744 28 0
28 2 2 32 65536 50000 4927 28 0
28 3 3 32 65536 50000 4030 28 0
29 0 0 32 65536 0 75 29 10000000
29 1 1 32 65536 50000 -3153 29 0
29 2 2 32 65536 50000 -1220 29 0
29 3 3 32 65536 50000 1843 29 0
30 0 0 32 65536 0 -4894 30 10000000
30 1 1 32 65536 50000 3798 30 0
30 2 2 32 65536 50000 3991 30 0
30 3 3 32 65536 50000 3420 30 0
31 0 0 32 65536 0 4535 31 10000000
31 1 1 32 65536 50000 3420 31 0
31 2 2 32 65536 50000 1936 31 0
31 3 3 32 65536 50000 -420 31 0
