0b001501 0b002001 10000 100 262144 9990000 788062 30301
0b000501 0b002001 10000 100 262144 9990000 805289 30301
0b001b01 0b002001 10000 100 262144 9990000 811145 30301
0b000e01 0b002001 10000 100 262144 9990000 818246 30301
0b000201 0b002001 10000 100 262144 9990000 820201 30301
0b001001 0b002001 10000 100 262144 9990000 825310 30301
0b000a01 0b002001 10000 100 262144 9990000 833407 30301
0b000301 0b002001 10000 100 262144 9990000 836026 30301
0b001a01 0b002001 10000 100 262144 9990000 843625 30301
0b001401 0b002001 10000 100 262144 9990000 848568 30301
0b001201 0b002001 10000 100 262144 9990000 861313 30301
0b000c01 0b002001 10000 100 262144 9990000 861442 30301
0b000601 0b002001 10000 100 262144 9990000 861654 30301
0b001601 0b002001 10000 100 262144 9990000 867925 30301
0b001701 0b002001 10000 100 262144 9990000 872370 30301
0b000401 0b002001 10000 100 262144 9990000 876317 30301
0b001c01 0b002001 10000 100 262144 9990000 877193 30301
0b001e01 0b002001 10000 100 262144 9990000 880808 30301
0b000701 0b002001 10000 100 262144 9990000 882182 30301
0b001301 0b002001 10000 100 262144 9990000 916501 30301
0b000f01 0b002001 10000 100 262144 9990000 917619 30301
0b000901 0b002001 10000 100 262144 9990000 939286 30301
0b000b01 0b002001 10000 100 262144 9990000 944589 30301
0b001d01 0b002001 10000 100 262144 9990000 958879 30301
0b001101 0b002001 10000 100 262144 9990000 965867 30301
0b000101 0b002001 10000 100 262144 9990000 966660 30301
0b001801 0b002001 10000 100 262144 9990000 969337 30301
0b000001 0b002001 10000 100 262144 9990000 973026 30301
0b000d01 0b002001 10000 100 262144 9990000 979872 30301
0b001901 0b002001 10000 100 262144 9990000 983264 30301
0b001f01 0b002001 10000 100 262144 9990000 1013475 30301
0b000801 0b002001 10000 100 262144 9990000 1164330 30301
