128
0 0 0 32 65536 0 1763 0 10000000
0 1 1 32 65536 50000 -1364 0 0
0 2 2 32 65536 50000 1126 0 0
0 3 3 32 65536 50000 -4529 0 0
1 0 0 32 65536 0 -3000 1 10000000
1 1 1 32 65536 50000 4218 1 0
1 2 2 32 65536 50000 -3657 1 0
1 3 3 32 65536 50000 2125 1 0
2 0 0 32 65536 0 1796 2 10000000
2 1 1 32 65536 50000 -1422 2 0
2 2 2 32 65536 50000 4074 2 0
2 3 3 32 65536 50000 1976 2 0
3 0 0 32 65536 0 2201 3 10000000
3 1 1 32 65536 50000 -1700 3 0
3 2 2 32 65536 50000 -2386 3 0
3 3 3 32 65536 50000 -2613 3 0
4 0 0 32 65536 0 -151 4 10000000
4 1 1 32 65536 50000 -4856 4 0
4 2 2 32 65536 50000 -3706 4 0
4 3 3 32 65536 50000 -3747 4 0
5 0 0 32 65536 0 1158 5 10000000
5 1 1 32 65536 50000 3618 5 0
5 2 2 32 65536 50000 -4538 5 0
5 3 3 32 65536 50000 -2327 5 0
6 0 0 32 65536 0 -1700 6 10000000
6 1 1 32 65536 50000 3275 6 0
6 2 2 32 65536 50000 4629 6 0
6 3 3 32 65536 50000 -3436 6 0
7 0 0 32 65536 0 -1008 7 10000000
7 1 1 32 65536 50000 1564 7 0
7 2 2 32 65536 50000 1689 7 0
7 3 3 32 65536 50000 3342 7 0
8 0 0 32 65536 0 1971 8 10000000
8 1 1 32 65536 50000 1271 8 0
8 2 2 32 65536 50000 -1257 8 0
8 3 3 32 65536 50000 -3828 8 0
9 0 0 32 65536 0 356 9 10000000
9 1 1 32 65536 50000 4263 9 0
9 2 2 32 65536 50000 -280 9 0
9 3 3 32 65536 50000 2764 9 0
10 0 0 32 65536 0 2568 10 10000000
10 1 1 32 65536 50000 -2860 10 0
10 2 2 32 65536 50000 1021 10 0
10 3 3 32 65536 50000 -1584 10 0
11 0 0 32 65536 0 -1535 11 10000000
11 1 1 32 65536 50000 -1771 11 0
11 2 2 32 65536 50000 3639 11 0
11 3 3 32 65536 50000 -4567 11 0
12 0 0 32 65536 0 2703 12 10000000
12 1 1 32 65536 50000 -2429 12 0
12 2 2 32 65536 50000 2666 12 0
12 3 3 32 65536 50000 3536 12 0
13 0 0 32 65536 0 -1782 13 10000000
13 1 1 32 65536 50000 3163 13 0
13 2 2 32 65536 50000 3660 13 0
13 3 3 32 65536 50000 2807 13 0
14 0 0 32 65536 0 4474 14 10000000
14 1 1 32 65536 50000 3050 14 0
14 2 2 32 65536 50000 4614 14 0
14 3 3 32 65536 50000 626 14 0
15 0 0 32 65536 0 -3309 15 10000000
15 1 1 32 65536 50000 -3737 15 0
15 2 2 32 65536 50000 -3146 15 0
15 3 3 32 65536 50000 2851 15 0
16 0 0 32 65536 0 -3559 16 10000000
16 1 1 32 65536 50000 -2049 16 0
16 2 2 32 65536 50000 -539 16 0
16 3 3 32 65536 50000 1605 16 0
17 0 0 32 65536 0 -2495 17 10000000
17 1 1 32 65536 50000 -4749 17 0
17 2 2 32 65536 50000 -842 17 0
17 3 3 32 65536 50000 1144 17 0
18 0 0 32 65536 0 -896 18 10000000
18 1 1 32 65536 50000 -1059 18 0
18 2 2 32 65536 50000 2654 18 0
18 3 3 32 65536 50000 -3439 18 0
19 0 0 32 65536 0 -4276 19 10000000
19 1 1 32 65536 50000 -4927 19 0
19 2 2 32 65536 50000 -2911 19 0
19 3 3 32 65536 50000 4156 19 0
20 0 0 32 65536 0 4991 20 10000000
20 1 1 32 65536 50000 2215 20 0
20 2 2 32 65536 50000 -4615 20 0
20 3 3 32 65536 50000 2981 20 0
21 0 0 32 65536 0 1015 21 10000000
21 1 1 32 65536 50000 1469 21 0
21 2 2 32 65536 50000 -4391 21 0
21 3 3 32 65536 50000 367 21 0
22 0 0 32 65536 0 -2685 22 10000000
22 1 1 32 65536 50000 1186 22 0
22 2 2 32 65536 50000 -3138 22 0
22 3 3 32 65536 50000 -2533 22 0
23 0 0 32 65536 0 -2116 23 10000000
23 1 1 32 65536 50000 -3287 23 0
23 2 2 32 65536 50000 -3558 23 0
23 3 3 32 65536 50000 3590 23 0
24 0 0 32 65536 0 -754 24 10000000
24 1 1 32 65536 50000 3922 24 0
24 2 2 32 65536 50000 -2959 24 0
24 3 3 32 65536 50000 -1886 24 0
25 0 0 32 65536 0 -4192 25 10000000
25 1 1 32 65536 50000 -4493 25 0
25 2 2 32 65536 50000 -1909 25 0
25 3 3 32 65536 50000 -1361 25 0
26 0 0 32 65536 0 -148 26 10000000
26 1 1 32 65536 50000 2426 26 0
26 2 2 32 65536 50000 4924 26 0
26 3 3 32 65536 50000 475 26 0
27 0 0 32 65536 0 1707 27 10000000
27 1 1 32 65536 50000 4989 27 0
27 2 2 32 65536 50000 -3126 27 0
27 3 3 32 65536 50000 2570 27 0
28 0 0 32 65536 0 1481 28 10000000
28 1 1 32 65536 50000 4407 28 0
28 2 2 32 65536 50000 -4458 28 0
28 3 3 32 65536 50000 -1200 28 0
29 0 0 32 65536 0 743 29 10000000
29 1 1 32 65536 50000 425 29 0
29 2 2 32 65536 50000 1347 29 0
29 3 3 32 65536 50000 -4729 29 0
30 0 0 32 65536 0 -4120 30 10000000
30 1 1 32 65536 50000 4993 30 0
30 2 2 32 65536 50000 -1224 30 0
30 3 3 32 65536 50000 4573 30 0
31 0 0 32 65536 0 -4275 31 10000000
31 1 1 32 65536 50000 1959 31 0
31 2 2 32 65536 50000 2020 31 0
31 3 3 32 65536 50000 3584 31 0
