0b000901 0b002001 10000 100 262144 9990000 902375 30301
0b000f01 0b002001 10000 100 262144 9990000 902599 30301
0b001501 0b002001 10000 100 262144 9990000 903345 30301
0b000a01 0b002001 10000 100 262144 9990000 903656 30301
0b000301 0b002001 10000 100 262144 9990000 904141 30301
0b001101 0b002001 10000 100 262144 9990000 904278 30301
0b000c01 0b002001 10000 100 262144 9990000 904328 30301
0b001201 0b002001 10000 100 262144 9990000 904378 30301
0b000201 0b002001 10000 100 262144 9990000 904689 30301
0b000001 0b002001 10000 100 262144 9990000 904913 30301
0b001b01 0b002001 10000 100 262144 9990000 905659 30301
0b001c01 0b002001 10000 100 262144 9990000 905970 30301
0b000601 0b002001 10000 100 262144 9990000 906368 30301
0b001301 0b002001 10000 100 262144 9990000 906418 30301
0b001401 0b002001 10000 100 262144 9990000 906816 30301
0b000e01 0b002001 10000 100 262144 9990000 906953 30301
0b000501 0b002001 10000 100 262144 9990000 907003 30301
0b000b01 0b002001 10000 100 262144 9990000 907053 30301
0b001f01 0b002001 10000 100 262144 9990000 907103 30301
0b000701 0b002001 10000 100 262144 9990000 907414 30301
0b000d01 0b002001 10000 100 262144 9990000 907464 30301
0b000801 0b002001 10000 100 262144 9990000 907601 30301
0b001901 0b002001 10000 100 262144 9990000 907738 30301
0b001701 0b002001 10000 100 262144 9990000 907788 30301
0b001001 0b002001 10000 100 262144 9990000 907838 30301
0b000401 0b002001 10000 100 262144 9990000 907888 30301
0b000101 0b002001 10000 100 262144 9990000 907938 30301
0b001d01 0b002001 10000 100 262144 9990000 907988 30301
0b001a01 0b002001 10000 100 262144 9990000 908038 30301
0b001801 0b002001 10000 100 262144 9990000 908088 30301
0b001601 0b002001 10000 100 262144 9990000 908138 30301
0b001e01 0b002001 10000 100 262144 9990000 908188 30301
