32
0 32 3 100 262144 0.009990000
1 32 3 100 262144 0.009990000
2 32 3 100 262144 0.009990000
3 32 3 100 262144 0.009990000
4 32 3 100 262144 0.009990000
5 32 3 100 262144 0.009990000
6 32 3 100 262144 0.009990000
7 32 3 100 262144 0.009990000
8 32 3 100 262144 0.009990000
9 32 3 100 262144 0.009990000
10 32 3 100 262144 0.009990000
11 32 3 100 262144 0.009990000
12 32 3 100 262144 0.009990000
13 32 3 100 262144 0.009990000
14 32 3 100 262144 0.009990000
15 32 3 100 262144 0.009990000
16 32 3 100 262144 0.009990000
17 32 3 100 262144 0.009990000
18 32 3 100 262144 0.009990000
19 32 3 100 262144 0.009990000
20 32 3 100 262144 0.009990000
21 32 3 100 262144 0.009990000
22 32 3 100 262144 0.009990000
23 32 3 100 262144 0.009990000
24 32 3 100 262144 0.009990000
25 32 3 100 262144 0.009990000
26 32 3 100 262144 0.009990000
27 32 3 100 262144 0.009990000
28 32 3 100 262144 0.009990000
29 32 3 100 262144 0.009990000
30 32 3 100 262144 0.009990000
31 32 3 100 262144 0.009990000
