128
0 0 0 32 65536 0 -4961 0 10000000
0 1 1 32 65536 50000 -1245 0 0
0 2 2 32 65536 50000 -4994 0 0
0 3 3 32 65536 50000 -971 0 0
1 0 0 32 65536 0 4153 1 10000000
1 1 1 32 65536 50000 -2032 1 0
1 2 2 32 65536 50000 4763 1 0
1 3 3 32 65536 50000 4792 1 0
2 0 0 32 65536 0 1313 2 10000000
2 1 1 32 65536 50000 1042 2 0
2 2 2 32 65536 50000 368 2 0
2 3 3 32 65536 50000 -1328 2 0
3 0 0 32 65536 0 -1010 3 10000000
3 1 1 32 65536 50000 -526 3 0
3 2 2 32 65536 50000 3100 3 0
3 3 3 32 65536 50000 -2192 3 0
4 0 0 32 65536 0 -4371 4 10000000
4 1 1 32 65536 50000 4782 4 0
4 2 2 32 65536 50000 600 4 0
4 3 3 32 65536 50000 4479 4 0
5 0 0 32 65536 0 2873 5 10000000
5 1 1 32 65536 50000 3092 5 0
5 2 2 32 65536 50000 3318 5 0
5 3 3 32 65536 50000 2083 5 0
6 0 0 32 65536 0 -4192 6 10000000
6 1 1 32 65536 50000 478 6 0
6 2 2 32 65536 50000 2791 6 0
6 3 3 32 65536 50000 727 6 0
7 0 0 32 65536 0 2563 7 10000000
7 1 1 32 65536 50000 -4770 7 0
7 2 2 32 65536 50000 -4647 7 0
7 3 3 32 65536 50000 2563 7 0
8 0 0 32 65536 0 2680 8 10000000
8 1 1 32 65536 50000 3136 8 0
8 2 2 32 65536 50000 2560 8 0
8 3 3 32 65536 50000 2775 8 0
9 0 0 32 65536 0 3620 9 10000000
9 1 1 32 65536 50000 -1644 9 0
9 2 2 32 65536 50000 2929 9 0
9 3 3 32 65536 50000 -4461 9 0
10 0 0 32 65536 0 4202 10 10000000
10 1 1 32 65536 50000 545 10 0
10 2 2 32 65536 50000 4130 10 0
10 3 3 32 65536 50000 -3176 10 0
11 0 0 32 65536 0 3405 11 10000000
11 1 1 32 65536 50000 -744 11 0
11 2 2 32 65536 50000 2324 11 0
11 3 3 32 65536 50000 1629 11 0
12 0 0 32 65536 0 -2383 12 10000000
12 1 1 32 65536 50000 2626 12 0
12 2 2 32 65536 50000 599 12 0
12 3 3 32 65536 50000 -2721 12 0
13 0 0 32 65536 0 1182 13 10000000
13 1 1 32 65536 50000 -978 13 0
13 2 2 32 65536 50000 3520 13 0
13 3 3 32 65536 50000 2191 13 0
14 0 0 32 65536 0 -4676 14 10000000
14 1 1 32 65536 50000 -2953 14 0
14 2 2 32 65536 50000 -1996 14 0
14 3 3 32 65536 50000 1070 14 0
15 0 0 32 65536 0 270 15 10000000
15 1 1 32 65536 50000 203 15 0
15 2 2 32 65536 50000 -3843 15 0
15 3 3 32 65536 50000 -4691 15 0
16 0 0 32 65536 0 969 16 10000000
16 1 1 32 65536 50000 3418 16 0
16 2 2 32 65536 50000 909 16 0
16 3 3 32 65536 50000 3231 16 0
17 0 0 32 65536 0 822 17 10000000
17 1 1 32 65536 50000 4225 17 0
17 2 2 32 65536 50000 -542 17 0
17 3 3 32 65536 50000 -3261 17 0
18 0 0 32 65536 0 -136 18 10000000
18 1 1 32 65536 50000 768 18 0
18 2 2 32 65536 50000 4902 18 0
18 3 3 32 65536 50000 -3101 18 0
19 0 0 32 65536 0 -1762 19 10000000
19 1 1 32 65536 50000 -3539 19 0
19 2 2 32 65536 50000 876 19 0
19 3 3 32 65536 50000 -275 19 0
20 0 0 32 65536 0 -3735 20 10000000
20 1 1 32 65536 50000 1576 20 0
20 2 2 32 65536 50000 -1192 20 0
20 3 3 32 65536 50000 458 20 0
21 0 0 32 65536 0 4036 21 10000000
21 1 1 32 65536 50000 2462 21 0
21 2 2 32 65536 50000 -4741 21 0
21 3 3 32 65536 50000 -4528 21 0
22 0 0 32 65536 0 -1071 22 10000000
22 1 1 32 65536 50000 -3746 22 0
22 2 2 32 65536 50000 -2893 22 0
22 3 3 32 65536 50000 4317 22 0
23 0 0 32 65536 0 4008 23 10000000
23 1 1 32 65536 50000 1638 23 0
23 2 2 32 65536 50000 -4614 23 0
23 3 3 32 65536 50000 2459 23 0
24 0 0 32 65536 0 -3155 24 10000000
24 1 1 32 65536 50000 -3360 24 0
24 2 2 32 65536 50000 -4287 24 0
24 3 3 32 65536 50000 3801 24 0
25 0 0 32 65536 0 2470 25 10000000
25 1 1 32 65536 50000 -2138 25 0
25 2 2 32 65536 50000 -4619 25 0
25 3 3 32 65536 50000 2145 25 0
26 0 0 32 65536 0 -4529 26 10000000
26 1 1 32 65536 50000 2952 26 0
26 2 2 32 65536 50000 -1194 26 0
26 3 3 32 65536 50000 3572 26 0
27 0 0 32 65536 0 -4341 27 10000000
27 1 1 32 65536 50000 3277 27 0
27 2 2 32 65536 50000 -4254 27 0
27 3 3 32 65536 50000 -2139 27 0
28 0 0 32 65536 0 4460 28 10000000
28 1 1 32 65536 50000 -1296 28 0
28 2 2 32 65536 50000 -4785 28 0
28 3 3 32 65536 50000 -1746 28 0
29 0 0 32 65536 0 3811 29 10000000
29 1 1 32 65536 50000 2319 29 0
29 2 2 32 65536 50000 923 29 0
29 3 3 32 65536 50000 3041 29 0
30 0 0 32 65536 0 -1477 30 10000000
30 1 1 32 65536 50000 -27 30 0
30 2 2 32 65536 50000 -597 30 0
30 3 3 32 65536 50000 3863 30 0
31 0 0 32 65536 0 4470 31 10000000
31 1 1 32 65536 50000 -1808 31 0
31 2 2 32 65536 50000 197 31 0
31 3 3 32 65536 50000 50 31 0
