65
65 64 3 100 5027229095 0.002
0 64 3 100 4194304 0.020
1 64 3 100 4194304 0.020
2 64 3 100 4194304 0.020
3 64 3 100 4194304 0.020
4 64 3 100 4194304 0.020
5 64 3 100 4194304 0.020
6 64 3 100 4194304 0.020
7 64 3 100 4194304 0.020
8 64 3 100 4194304 0.020
9 64 3 100 4194304 0.020
10 64 3 100 4194304 0.020
11 64 3 100 4194304 0.020
12 64 3 100 4194304 0.020
13 64 3 100 4194304 0.020
14 64 3 100 4194304 0.020
15 64 3 100 4194304 0.020
16 64 3 100 4194304 0.020
17 64 3 100 4194304 0.020
18 64 3 100 4194304 0.020
19 64 3 100 4194304 0.020
20 64 3 100 4194304 0.020
21 64 3 100 4194304 0.020
22 64 3 100 4194304 0.020
23 64 3 100 4194304 0.020
24 64 3 100 4194304 0.020
25 64 3 100 4194304 0.020
26 64 3 100 4194304 0.020
27 64 3 100 4194304 0.020
28 64 3 100 4194304 0.020
29 64 3 100 4194304 0.020
30 64 3 100 4194304 0.020
31 64 3 100 4194304 0.020
32 64 3 100 4194304 0.020
33 64 3 100 4194304 0.020
34 64 3 100 4194304 0.020
35 64 3 100 4194304 0.020
36 64 3 100 4194304 0.020
37 64 3 100 4194304 0.020
38 64 3 100 4194304 0.020
39 64 3 100 4194304 0.020
40 64 3 100 4194304 0.020
41 64 3 100 4194304 0.020
42 64 3 100 4194304 0.020
43 64 3 100 4194304 0.020
44 64 3 100 4194304 0.020
45 64 3 100 4194304 0.020
46 64 3 100 4194304 0.020
47 64 3 100 4194304 0.020
48 64 3 100 4194304 0.020
49 64 3 100 4194304 0.020
50 64 3 100 4194304 0.020
51 64 3 100 4194304 0.020
52 64 3 100 4194304 0.020
53 64 3 100 4194304 0.020
54 64 3 100 4194304 0.020
55 64 3 100 4194304 0.020
56 64 3 100 4194304 0.020
57 64 3 100 4194304 0.020
58 64 3 100 4194304 0.020
59 64 3 100 4194304 0.020
60 64 3 100 4194304 0.020
61 64 3 100 4194304 0.020
62 64 3 100 4194304 0.020
63 64 3 100 4194304 0.020
