0b000701 0b001001 10000 100 1048576 9990000 1633696 96234
0b000f01 0b001001 10000 100 1048576 9990000 1634932 96234
0b000801 0b001001 10000 100 1048576 9990000 1636168 96234
0b000601 0b001001 10000 100 1048576 9990000 1636708 96234
0b000e01 0b001001 10000 100 1048576 9990000 1636726 96234
0b000501 0b001001 10000 100 1048576 9990000 1636831 96234
0b000001 0b001001 10000 100 1048576 9990000 1637371 96234
0b000301 0b001001 10000 100 1048576 9990000 1637563 96234
0b000d01 0b001001 10000 100 1048576 9990000 1637581 96234
0b000a01 0b001001 10000 100 1048576 9990000 1637773 96234
0b000b01 0b001001 10000 100 1048576 9990000 1637791 96234
0b000901 0b001001 10000 100 1048576 9990000 1637809 96234
0b000c01 0b001001 10000 100 1048576 9990000 1637914 96234
0b000401 0b001001 10000 100 1048576 9990000 1637932 96234
0b000101 0b001001 10000 100 1048576 9990000 1637950 96234
0b000201 0b001001 10000 100 1048576 9990000 1637968 96234
