16
0 16 3 100 1048576 0.009990000
1 16 3 100 1048576 0.009990000
2 16 3 100 1048576 0.009990000
3 16 3 100 1048576 0.009990000
4 16 3 100 1048576 0.009990000
5 16 3 100 1048576 0.009990000
6 16 3 100 1048576 0.009990000
7 16 3 100 1048576 0.009990000
8 16 3 100 1048576 0.009990000
9 16 3 100 1048576 0.009990000
10 16 3 100 1048576 0.009990000
11 16 3 100 1048576 0.009990000
12 16 3 100 1048576 0.009990000
13 16 3 100 1048576 0.009990000
14 16 3 100 1048576 0.009990000
15 16 3 100 1048576 0.009990000
