64
0 0 0 16 262144 0 2389 0 10000000
0 1 1 16 262144 50000 -3302 0 0
0 2 2 16 262144 50000 -2946 0 0
0 3 3 16 262144 50000 418 0 0
1 0 0 16 262144 0 2104 1 10000000
1 1 1 16 262144 50000 2278 1 0
1 2 2 16 262144 50000 -1844 1 0
1 3 3 16 262144 50000 2401 1 0
2 0 0 16 262144 0 661 2 10000000
2 1 1 16 262144 50000 3266 2 0
2 2 2 16 262144 50000 1784 2 0
2 3 3 16 262144 50000 2968 2 0
3 0 0 16 262144 0 351 3 10000000
3 1 1 16 262144 50000 846 3 0
3 2 2 16 262144 50000 -4370 3 0
3 3 3 16 262144 50000 468 3 0
4 0 0 16 262144 0 -2367 4 10000000
4 1 1 16 262144 50000 43 4 0
4 2 2 16 262144 50000 -4905 4 0
4 3 3 16 262144 50000 2123 4 0
5 0 0 16 262144 0 1011 5 10000000
5 1 1 16 262144 50000 1859 5 0
5 2 2 16 262144 50000 1348 5 0
5 3 3 16 262144 50000 -929 5 0
6 0 0 16 262144 0 2023 6 10000000
6 1 1 16 262144 50000 4572 6 0
6 2 2 16 262144 50000 482 6 0
6 3 3 16 262144 50000 -1192 6 0
7 0 0 16 262144 0 -3344 7 10000000
7 1 1 16 262144 50000 1953 7 0
7 2 2 16 262144 50000 -3433 7 0
7 3 3 16 262144 50000 -4706 7 0
8 0 0 16 262144 0 -1335 8 10000000
8 1 1 16 262144 50000 694 8 0
8 2 2 16 262144 50000 1319 8 0
8 3 3 16 262144 50000 -1914 8 0
9 0 0 16 262144 0 -3950 9 10000000
9 1 1 16 262144 50000 -2740 9 0
9 2 2 16 262144 50000 -1594 9 0
9 3 3 16 262144 50000 1070 9 0
10 0 0 16 262144 0 1257 10 10000000
10 1 1 16 262144 50000 -564 10 0
10 2 2 16 262144 50000 1655 10 0
10 3 3 16 262144 50000 777 10 0
11 0 0 16 262144 0 -1627 11 10000000
11 1 1 16 262144 50000 -1581 11 0
11 2 2 16 262144 50000 723 11 0
11 3 3 16 262144 50000 844 11 0
12 0 0 16 262144 0 4179 12 10000000
12 1 1 16 262144 50000 3191 12 0
12 2 2 16 262144 50000 -679 12 0
12 3 3 16 262144 50000 877 12 0
13 0 0 16 262144 0 -3742 13 10000000
13 1 1 16 262144 50000 4508 13 0
13 2 2 16 262144 50000 -1386 13 0
13 3 3 16 262144 50000 -73 13 0
14 0 0 16 262144 0 -4675 14 10000000
14 1 1 16 262144 50000 -4587 14 0
14 2 2 16 262144 50000 3809 14 0
14 3 3 16 262144 50000 -1726 14 0
15 0 0 16 262144 0 -853 15 10000000
15 1 1 16 262144 50000 -3935 15 0
15 2 2 16 262144 50000 -1491 15 0
15 3 3 16 262144 50000 -4039 15 0
