0b000401 0b000001 10001 100 262144 50000000 747330 235014
0b000501 0b000101 10000 100 262144 51999999 453336 235014
0b000601 0b000201 10000 100 262144 53999999 628592 235014
0b000701 0b000301 10000 100 262144 56000000 619206 235014
0b000801 0b000001 10000 100 262144 58000000 702633 235014
0b000901 0b000101 10000 100 262144 59999999 494222 235014
0b000a01 0b000201 10000 100 262144 61999999 611459 235014
0b000b01 0b000301 10000 100 262144 64000000 443299 235014
0b000c01 0b000001 10000 100 262144 66000000 607496 235014
0b000d01 0b000101 10000 100 262144 68000000 616182 235014
0b000e01 0b000201 10000 100 262144 70000000 389480 235014
0b000f01 0b000301 10000 100 262144 71999999 719610 235014
0b001001 0b000001 10000 100 262144 73999999 780464 235014
0b001101 0b000101 10000 100 262144 75999999 798594 235014
0b001201 0b000201 10000 100 262144 77999999 655412 235014
0b001301 0b000301 10000 100 262144 80000000 571834 235014
0b001401 0b000001 10001 100 262144 82000000 658963 235014
0b001501 0b000101 10000 100 262144 84000000 453784 235014
0b001601 0b000201 10000 100 262144 85999999 385984 235014
0b001701 0b000301 10000 100 262144 87999999 743721 235014
0b001801 0b000001 10000 100 262144 89999999 466113 235014
0b001901 0b000101 10000 100 262144 91999999 632361 235014
0b001a01 0b000201 10000 100 262144 94000000 722482 235014
0b001b01 0b000301 10000 100 262144 96000000 664052 235014
0b001c01 0b000001 10000 100 262144 98000000 710451 235014
0b001d01 0b000101 10000 100 262144 100000000 621108 235014
0b001e01 0b000201 10000 100 262144 101999999 621544 235014
0b001f01 0b000301 10000 100 262144 103999999 445660 235014
0b002001 0b000001 10000 100 262144 105999999 713467 235014
0b002101 0b000101 10000 100 262144 107999999 635011 235014
0b002201 0b000201 10000 100 262144 110000000 623424 235014
0b002301 0b000301 10000 100 262144 112000000 577948 235014
0b001401 0b000001 10000 100 536870912 10000000 903707233 450127776
0b001001 0b000301 10000 100 536870912 10000000 905449311 450127776
0b000801 0b000101 10000 100 536870912 10000000 1063715179 450127776
0b001801 0b000101 10000 100 536870912 10000000 1066468359 450127776
