40
4 0 3 100 536870912 0.010
20 0 3 100 536870912 0.010
8 1 3 100 536870912 0.010
24 1 3 100 536870912 0.010
12 2 3 100 536870912 0.010
28 2 3 100 536870912 0.010
16 3 3 100 536870912 0.010
32 3 3 100 536870912 0.010
4 0 3 100 262144 0.050
5 1 3 100 262144 0.052
6 2 3 100 262144 0.054
7 3 3 100 262144 0.056
8 0 3 100 262144 0.058
9 1 3 100 262144 0.060
10 2 3 100 262144 0.062
11 3 3 100 262144 0.064
12 0 3 100 262144 0.066
13 1 3 100 262144 0.068
14 2 3 100 262144 0.070
15 3 3 100 262144 0.072
16 0 3 100 262144 0.074
17 1 3 100 262144 0.076
18 2 3 100 262144 0.078
19 3 3 100 262144 0.080
20 0 3 100 262144 0.082
21 1 3 100 262144 0.084
22 2 3 100 262144 0.086
23 3 3 100 262144 0.088
24 0 3 100 262144 0.090
25 1 3 100 262144 0.092
26 2 3 100 262144 0.094
27 3 3 100 262144 0.096
28 0 3 100 262144 0.098
29 1 3 100 262144 0.100
30 2 3 100 262144 0.102
31 3 3 100 262144 0.104
32 0 3 100 262144 0.106
33 1 3 100 262144 0.108
34 2 3 100 262144 0.110
35 3 3 100 262144 0.112
