0b003b01 0b004001 10000 100 1048576 1899999999 147764171 894342
0b002101 0b004001 10000 100 1048576 1899999999 148046238 894342
0b000601 0b004001 10000 100 1048576 1899999999 148453167 894342
0b003d01 0b004001 10000 100 1048576 1899999999 149262336 894342
0b002c01 0b004001 10000 100 1048576 1899999999 149995247 894342
0b000701 0b004001 10000 100 1048576 1899999999 150370332 894342
0b002b01 0b004001 10000 100 1048576 1899999999 150482285 894342
0b000501 0b004001 10000 100 1048576 1899999999 150721614 894342
0b003701 0b004001 10000 100 1048576 1899999999 151053123 894342
0b000301 0b004001 10000 100 1048576 1899999999 152085200 894342
0b002f01 0b004001 10000 100 1048576 1899999999 152119219 894342
0b002801 0b004001 10000 100 1048576 1899999999 152142344 894342
0b003101 0b004001 10000 100 1048576 1899999999 152393405 894342
0b001601 0b004001 10000 100 1048576 1899999999 152484408 894342
0b003f01 0b004001 10000 100 1048576 1899999999 152838543 894342
0b001d01 0b004001 10000 100 1048576 1899999999 152888484 894342
0b001701 0b004001 10000 100 1048576 1899999999 153080047 894342
0b002001 0b004001 10000 100 1048576 1899999999 153371332 894342
0b002901 0b004001 10000 100 1048576 1899999999 153437195 894342
0b002a01 0b004001 10000 100 1048576 1899999999 153451102 894342
0b000401 0b004001 10000 100 1048576 1899999999 153526183 894342
0b002e01 0b004001 10000 100 1048576 1899999999 153631432 894342
0b001c01 0b004001 10000 100 1048576 1899999999 153669641 894342
0b001201 0b004001 10000 100 1048576 1899999999 153820142 894342
0b003801 0b004001 10000 100 1048576 1899999999 153878463 894342
0b000201 0b004001 10000 100 1048576 1899999999 153922538 894342
0b001101 0b004001 10000 100 1048576 1899999999 154080581 894342
0b000e01 0b004001 10000 100 1048576 1899999999 154082756 894342
0b002201 0b004001 10000 100 1048576 1899999999 154195547 894342
0b002701 0b004001 10000 100 1048576 1899999999 154236270 894342
0b002601 0b004001 10000 100 1048576 1899999999 154278669 894342
0b003901 0b004001 10000 100 1048576 1899999999 154301794 894342
0b001e01 0b004001 10000 100 1048576 1899999999 154427993 894342
0b000901 0b004001 10000 100 1048576 1899999999 154543298 894342
0b002501 0b004001 10000 100 1048576 1899999999 154713911 894342
0b003401 0b004001 10000 100 1048576 1899999999 154885362 894342
0b001901 0b004001 10000 100 1048576 1899999999 154975527 894342
0b003001 0b004001 10000 100 1048576 1899999999 155020440 894342
0b000b01 0b004001 10000 100 1048576 1899999999 155106415 894342
0b000a01 0b004001 10000 100 1048576 1899999999 155258592 894342
0b002301 0b004001 10000 100 1048576 1899999999 155305181 894342
0b001001 0b004001 10000 100 1048576 1899999999 155471604 894342
0b001501 0b004001 10000 100 1048576 1899999999 155588585 894342
0b003201 0b004001 10000 100 1048576 1899999999 155750818 894342
0b003601 0b004001 10000 100 1048576 1899999999 155996013 894342
0b003a01 0b004001 10000 100 1048576 1899999999 156036736 894342
0b001a01 0b004001 10000 100 1048576 1899999999 156166287 894342
0b000101 0b004001 10000 100 1048576 1899999999 156201144 894342
0b000d01 0b004001 10000 100 1048576 1899999999 156248571 894342
0b001801 0b004001 10000 100 1048576 1899999999 156298512 894342
0b001f01 0b004001 10000 100 1048576 1899999999 156526947 894342
0b002401 0b004001 10000 100 1048576 1899999999 156565156 894342
0b000001 0b004001 10000 100 1048576 1899999999 156624315 894342
0b003301 0b004001 10000 100 1048576 1899999999 156633194 894342
0b002d01 0b004001 10000 100 1048576 1899999999 156720007 894342
0b001401 0b004001 10000 100 1048576 1899999999 157025363 894342
0b001b01 0b004001 10000 100 1048576 1899999999 157130129 894342
0b000c01 0b004001 10000 100 1048576 1899999999 157217710 894342
0b000801 0b004001 10000 100 1048576 1899999999 157400500 894342
0b000f01 0b004001 10000 100 1048576 1899999999 157669608 894342
0b001301 0b004001 10000 100 1048576 1899999999 157753872 894342
0b003c01 0b004001 10000 100 1048576 1899999999 157929957 894342
0b003e01 0b004001 10000 100 1048576 1899999999 158192547 894342
0b003501 0b004001 10000 100 1048576 1899999999 158372998 894342
