0b001c01 0b002001 10000 100 262144 9990000 807760 30301
0b001001 0b002001 10000 100 262144 9990000 834947 30301
0b001b01 0b002001 10000 100 262144 9990000 848605 30301
0b001201 0b002001 10000 100 262144 9990000 863093 30301
0b001901 0b002001 10000 100 262144 9990000 871605 30301
0b001401 0b002001 10000 100 262144 9990000 877959 30301
0b001d01 0b002001 10000 100 262144 9990000 878005 30301
0b000401 0b002001 10000 100 262144 9990000 878051 30301
0b000001 0b002001 10000 100 262144 9990000 878346 30301
0b000f01 0b002001 10000 100 262144 9990000 885696 30301
0b000301 0b002001 10000 100 262144 9990000 886904 30301
0b000701 0b002001 10000 100 262144 9990000 896412 30301
0b000101 0b002001 10000 100 262144 9990000 900359 30301
0b001f01 0b002001 10000 100 262144 9990000 911444 30301
0b000901 0b002001 10000 100 262144 9990000 913150 30301
0b001301 0b002001 10000 100 262144 9990000 914524 30301
0b001701 0b002001 10000 100 262144 9990000 914819 30301
0b000b01 0b002001 10000 100 262144 9990000 917355 30301
0b000501 0b002001 10000 100 262144 9990000 917816 30301
0b001101 0b002001 10000 100 262144 9990000 922925 30301
0b001e01 0b002001 10000 100 262144 9990000 924299 30301
0b000601 0b002001 10000 100 262144 9990000 928495 30301
0b001501 0b002001 10000 100 262144 9990000 947387 30301
0b000d01 0b002001 10000 100 262144 9990000 948746 30301
0b001601 0b002001 10000 100 262144 9990000 976465 30301
0b001801 0b002001 10000 100 262144 9990000 989121 30301
0b000c01 0b002001 10000 100 262144 9990000 994524 30301
0b000e01 0b002001 10000 100 262144 9990000 1000962 30301
0b000801 0b002001 10000 100 262144 9990000 1004215 30301
0b000a01 0b002001 10000 100 262144 9990000 1011187 30301
0b001a01 0b002001 10000 100 262144 9990000 1194932 30301
0b000201 0b002001 10000 100 262144 9990000 1219119 30301
