0b003301 0b004001 10000 100 4194304 14999999 10802221 100191
0b002b01 0b004001 10000 100 4194304 14999999 10841485 100191
0b003a01 0b004001 10000 100 4194304 14999999 10846303 100191
0b001f01 0b004001 10000 100 4194304 14999999 10852919 100191
0b002101 0b004001 10000 100 4194304 14999999 10874563 100191
0b002401 0b004001 10000 100 4194304 14999999 10883354 100191
0b001601 0b004001 10000 100 4194304 14999999 10888750 100191
0b000901 0b004001 10000 100 4194304 14999999 10895081 100191
0b002801 0b004001 10000 100 4194304 14999999 10908591 100191
0b000301 0b004001 10000 100 4194304 14999999 10924238 100191
0b002f01 0b004001 10000 100 4194304 14999999 10996934 100191
0b002901 0b004001 10000 100 4194304 14999999 11010939 100191
0b002c01 0b004001 10000 100 4194304 14999999 11022432 100191
0b000501 0b004001 10000 100 4194304 14999999 11028987 100191
0b002701 0b004001 10000 100 4194304 14999999 11031615 100191
0b001901 0b004001 10000 100 4194304 14999999 11053600 100191
0b000601 0b004001 10000 100 4194304 14999999 11053890 100191
0b002201 0b004001 10000 100 4194304 14999999 11076771 100191
0b001201 0b004001 10000 100 4194304 14999999 11079605 100191
0b001301 0b004001 10000 100 4194304 14999999 11089322 100191
0b002501 0b004001 10000 100 4194304 14999999 11093719 100191
0b002301 0b004001 10000 100 4194304 14999999 11094672 100191
0b001b01 0b004001 10000 100 4194304 14999999 11121323 100191
0b003801 0b004001 10000 100 4194304 14999999 11143524 100191
0b002a01 0b004001 10000 100 4194304 14999999 11155142 100191
0b001e01 0b004001 10000 100 4194304 14999999 11160400 100191
0b001101 0b004001 10000 100 4194304 14999999 11177327 100191
0b003401 0b004001 10000 100 4194304 14999999 11181945 100191
0b000e01 0b004001 10000 100 4194304 14999999 11183705 100191
0b001c01 0b004001 10000 100 4194304 14999999 11185816 100191
0b000c01 0b004001 10000 100 4194304 14999999 11188599 100191
0b003f01 0b004001 10000 100 4194304 14999999 11189632 100191
0b001a01 0b004001 10000 100 4194304 14999999 11197563 100191
0b002601 0b004001 10000 100 4194304 14999999 11208221 100191
0b003901 0b004001 10000 100 4194304 14999999 11209785 100191
0b001001 0b004001 10000 100 4194304 14999999 11212538 100191
0b003701 0b004001 10000 100 4194304 14999999 11221192 100191
0b000801 0b004001 10000 100 4194304 14999999 11228840 100191
0b002001 0b004001 10000 100 4194304 14999999 11230677 100191
0b003e01 0b004001 10000 100 4194304 14999999 11232927 100191
0b001801 0b004001 10000 100 4194304 14999999 11234849 100191
0b003001 0b004001 10000 100 4194304 14999999 11257143 100191
0b003101 0b004001 10000 100 4194304 14999999 11259220 100191
0b003201 0b004001 10000 100 4194304 14999999 11268254 100191
0b001d01 0b004001 10000 100 4194304 14999999 11298191 100191
0b000201 0b004001 10000 100 4194304 14999999 11308926 100191
0b000a01 0b004001 10000 100 4194304 14999999 11321171 100191
0b000101 0b004001 10000 100 4194304 14999999 11322744 100191
0b001501 0b004001 10000 100 4194304 14999999 11332129 100191
0b003601 0b004001 10000 100 4194304 14999999 11332370 100191
0b000701 0b004001 10000 100 4194304 14999999 11335973 100191
0b003501 0b004001 10000 100 4194304 14999999 11341536 100191
0b003b01 0b004001 10000 100 4194304 14999999 11346043 100191
0b000401 0b004001 10000 100 4194304 14999999 11346753 100191
0b002d01 0b004001 10000 100 4194304 14999999 11347327 100191
0b000f01 0b004001 10000 100 4194304 14999999 11349646 100191
0b000b01 0b004001 10000 100 4194304 14999999 11352066 100191
0b003d01 0b004001 10000 100 4194304 14999999 11354487 100191
0b003c01 0b004001 10000 100 4194304 14999999 11357645 100191
0b002e01 0b004001 10000 100 4194304 14999999 11361747 100191
0b000d01 0b004001 10000 100 4194304 14999999 11362078 100191
0b001401 0b004001 10000 100 4194304 14999999 11367642 100191
0b001701 0b004001 10000 100 4194304 14999999 11375370 100191
0b000001 0b004001 10000 100 4194304 14999999 11387457 100191
