33
65 64 3 100 2355879564 0.002
0 64 3 100 8388608 0.015
1 64 3 100 8388608 0.015
2 64 3 100 8388608 0.015
3 64 3 100 8388608 0.015
4 64 3 100 8388608 0.015
5 64 3 100 8388608 0.015
6 64 3 100 8388608 0.015
7 64 3 100 8388608 0.015
8 64 3 100 8388608 0.015
9 64 3 100 8388608 0.015
10 64 3 100 8388608 0.015
11 64 3 100 8388608 0.015
12 64 3 100 8388608 0.015
13 64 3 100 8388608 0.015
14 64 3 100 8388608 0.015
15 64 3 100 8388608 0.015
16 64 3 100 8388608 0.015
17 64 3 100 8388608 0.015
18 64 3 100 8388608 0.015
19 64 3 100 8388608 0.015
20 64 3 100 8388608 0.015
21 64 3 100 8388608 0.015
22 64 3 100 8388608 0.015
23 64 3 100 8388608 0.015
24 64 3 100 8388608 0.015
25 64 3 100 8388608 0.015
26 64 3 100 8388608 0.015
27 64 3 100 8388608 0.015
28 64 3 100 8388608 0.015
29 64 3 100 8388608 0.015
30 64 3 100 8388608 0.015
31 64 3 100 8388608 0.015
