33
0 0 0 1 2355879564 0 0 0 10000000
1 0 1 32 8388608 0 0 0 20000000
2 0 1 32 8388608 0 0 0 20000000
3 0 1 32 8388608 0 0 0 20000000
4 0 1 32 8388608 0 0 0 20000000
5 0 1 32 8388608 0 0 0 20000000
6 0 1 32 8388608 0 0 0 20000000
7 0 1 32 8388608 0 0 0 20000000
8 0 1 32 8388608 0 0 0 20000000
9 0 1 32 8388608 0 0 0 20000000
10 0 1 32 8388608 0 0 0 20000000
11 0 1 32 8388608 0 0 0 20000000
12 0 1 32 8388608 0 0 0 20000000
13 0 1 32 8388608 0 0 0 20000000
14 0 1 32 8388608 0 0 0 20000000
15 0 1 32 8388608 0 0 0 20000000
16 0 1 32 8388608 0 0 0 20000000
17 0 1 32 8388608 0 0 0 20000000
18 0 1 32 8388608 0 0 0 20000000
19 0 1 32 8388608 0 0 0 20000000
20 0 1 32 8388608 0 0 0 20000000
21 0 1 32 8388608 0 0 0 20000000
22 0 1 32 8388608 0 0 0 20000000
23 0 1 32 8388608 0 0 0 20000000
24 0 1 32 8388608 0 0 0 20000000
25 0 1 32 8388608 0 0 0 20000000
26 0 1 32 8388608 0 0 0 20000000
27 0 1 32 8388608 0 0 0 20000000
28 0 1 32 8388608 0 0 0 20000000
29 0 1 32 8388608 0 0 0 20000000
30 0 1 32 8388608 0 0 0 20000000
31 0 1 32 8388608 0 0 0 20000000
32 0 1 32 8388608 0 0 0 20000000
