65
65 64 3 100 7510451818 0.002
0 64 3 100 262144 0.05
1 64 3 100 262144 0.05
2 64 3 100 262144 0.05
3 64 3 100 262144 0.05
4 64 3 100 262144 0.05
5 64 3 100 262144 0.05
6 64 3 100 262144 0.05
7 64 3 100 262144 0.05
8 64 3 100 262144 0.05
9 64 3 100 262144 0.05
10 64 3 100 262144 0.05
11 64 3 100 262144 0.05
12 64 3 100 262144 0.05
13 64 3 100 262144 0.05
14 64 3 100 262144 0.05
15 64 3 100 262144 0.05
16 64 3 100 262144 0.05
17 64 3 100 262144 0.05
18 64 3 100 262144 0.05
19 64 3 100 262144 0.05
20 64 3 100 262144 0.05
21 64 3 100 262144 0.05
22 64 3 100 262144 0.05
23 64 3 100 262144 0.05
24 64 3 100 262144 0.05
25 64 3 100 262144 0.05
26 64 3 100 262144 0.05
27 64 3 100 262144 0.05
28 64 3 100 262144 0.05
29 64 3 100 262144 0.05
30 64 3 100 262144 0.05
31 64 3 100 262144 0.05
32 64 3 100 262144 0.05
33 64 3 100 262144 0.05
34 64 3 100 262144 0.05
35 64 3 100 262144 0.05
36 64 3 100 262144 0.05
37 64 3 100 262144 0.05
38 64 3 100 262144 0.05
39 64 3 100 262144 0.05
40 64 3 100 262144 0.05
41 64 3 100 262144 0.05
42 64 3 100 262144 0.05
43 64 3 100 262144 0.05
44 64 3 100 262144 0.05
45 64 3 100 262144 0.05
46 64 3 100 262144 0.05
47 64 3 100 262144 0.05
48 64 3 100 262144 0.05
49 64 3 100 262144 0.05
50 64 3 100 262144 0.05
51 64 3 100 262144 0.05
52 64 3 100 262144 0.05
53 64 3 100 262144 0.05
54 64 3 100 262144 0.05
55 64 3 100 262144 0.05
56 64 3 100 262144 0.05
57 64 3 100 262144 0.05
58 64 3 100 262144 0.05
59 64 3 100 262144 0.05
60 64 3 100 262144 0.05
61 64 3 100 262144 0.05
62 64 3 100 262144 0.05
63 64 3 100 262144 0.05
