0b000001 0b004001 10000 100 1048576 1899999999 156824988 894342
0b000301 0b004001 10000 100 1048576 1899999999 156825487 894342
0b000501 0b004001 10000 100 1048576 1899999999 156825986 894342
0b000801 0b004001 10000 100 1048576 1899999999 156826485 894342
0b000401 0b004001 10000 100 1048576 1899999999 156826984 894342
0b000901 0b004001 10000 100 1048576 1899999999 156827483 894342
0b000c01 0b004001 10000 100 1048576 1899999999 156827982 894342
0b000e01 0b004001 10000 100 1048576 1899999999 156828481 894342
0b000a01 0b004001 10000 100 1048576 1899999999 156828980 894342
0b001601 0b004001 10000 100 1048576 1899999999 156829479 894342
0b001201 0b004001 10000 100 1048576 1899999999 156829978 894342
0b001001 0b004001 10000 100 1048576 1899999999 156830477 894342
0b000d01 0b004001 10000 100 1048576 1899999999 156830976 894342
0b001f01 0b004001 10000 100 1048576 1899999999 156831475 894342
0b001901 0b004001 10000 100 1048576 1899999999 156831974 894342
0b001801 0b004001 10000 100 1048576 1899999999 156832473 894342
0b001401 0b004001 10000 100 1048576 1899999999 156832972 894342
0b002101 0b004001 10000 100 1048576 1899999999 156833471 894342
0b001e01 0b004001 10000 100 1048576 1899999999 156833970 894342
0b001c01 0b004001 10000 100 1048576 1899999999 156834469 894342
0b001d01 0b004001 10000 100 1048576 1899999999 156834968 894342
0b002401 0b004001 10000 100 1048576 1899999999 156835467 894342
0b002201 0b004001 10000 100 1048576 1899999999 156835966 894342
0b002001 0b004001 10000 100 1048576 1899999999 156836465 894342
0b002d01 0b004001 10000 100 1048576 1899999999 156836964 894342
0b002801 0b004001 10000 100 1048576 1899999999 156837463 894342
0b002501 0b004001 10000 100 1048576 1899999999 156837962 894342
0b002601 0b004001 10000 100 1048576 1899999999 156838461 894342
0b003501 0b004001 10000 100 1048576 1899999999 156838960 894342
0b002c01 0b004001 10000 100 1048576 1899999999 156839459 894342
0b002a01 0b004001 10000 100 1048576 1899999999 156839958 894342
0b003001 0b004001 10000 100 1048576 1899999999 156840457 894342
0b003b01 0b004001 10000 100 1048576 1899999999 156840956 894342
0b003301 0b004001 10000 100 1048576 1899999999 156841455 894342
0b003801 0b004001 10000 100 1048576 1899999999 156841954 894342
0b003401 0b004001 10000 100 1048576 1899999999 156842453 894342
0b003c01 0b004001 10000 100 1048576 1899999999 156842952 894342
0b003a01 0b004001 10000 100 1048576 1899999999 156843451 894342
0b003e01 0b004001 10000 100 1048576 1899999999 156843950 894342
0b003901 0b004001 10000 100 1048576 1899999999 156844449 894342
0b000101 0b004001 10000 100 1048576 1899999999 156844948 894342
0b002901 0b004001 10000 100 1048576 1899999999 156845447 894342
0b000601 0b004001 10000 100 1048576 1899999999 156845946 894342
0b003f01 0b004001 10000 100 1048576 1899999999 156846445 894342
0b000701 0b004001 10000 100 1048576 1899999999 156846944 894342
0b002f01 0b004001 10000 100 1048576 1899999999 156847443 894342
0b001301 0b004001 10000 100 1048576 1899999999 156847942 894342
0b001101 0b004001 10000 100 1048576 1899999999 156848441 894342
0b000b01 0b004001 10000 100 1048576 1899999999 156848940 894342
0b002b01 0b004001 10000 100 1048576 1899999999 156849439 894342
0b001b01 0b004001 10000 100 1048576 1899999999 156849938 894342
0b001a01 0b004001 10000 100 1048576 1899999999 156850437 894342
0b000f01 0b004001 10000 100 1048576 1899999999 156850936 894342
0b002301 0b004001 10000 100 1048576 1899999999 156851435 894342
0b003101 0b004001 10000 100 1048576 1899999999 156851934 894342
0b001501 0b004001 10000 100 1048576 1899999999 156852433 894342
0b002701 0b004001 10000 100 1048576 1899999999 156852932 894342
0b003701 0b004001 10000 100 1048576 1899999999 156853431 894342
0b002e01 0b004001 10000 100 1048576 1899999999 156853930 894342
0b003201 0b004001 10000 100 1048576 1899999999 156854429 894342
0b003601 0b004001 10000 100 1048576 1899999999 156854928 894342
0b003d01 0b004001 10000 100 1048576 1899999999 156855427 894342
0b000201 0b004001 10000 100 1048576 1899999999 156855926 894342
0b001701 0b004001 10000 100 1048576 1899999999 156856425 894342
0b004101 0b004001 10000 100 4000000000 500000000 4107169966 1508931192
