65
65 64 3 100 4000000000 0.5
0 64 3 100 262144 1.9
1 64 3 100 262144 1.9
2 64 3 100 262144 1.9
3 64 3 100 262144 1.9
4 64 3 100 262144 1.9
5 64 3 100 262144 1.9
6 64 3 100 262144 1.9
7 64 3 100 262144 1.9
8 64 3 100 262144 1.9
9 64 3 100 262144 1.9
10 64 3 100 262144 1.9
11 64 3 100 262144 1.9
12 64 3 100 262144 1.9
13 64 3 100 262144 1.9
14 64 3 100 262144 1.9
15 64 3 100 262144 1.9
16 64 3 100 262144 1.9
17 64 3 100 262144 1.9
18 64 3 100 262144 1.9
19 64 3 100 262144 1.9
20 64 3 100 262144 1.9
21 64 3 100 262144 1.9
22 64 3 100 262144 1.9
23 64 3 100 262144 1.9
24 64 3 100 262144 1.9
25 64 3 100 262144 1.9
26 64 3 100 262144 1.9
27 64 3 100 262144 1.9
28 64 3 100 262144 1.9
29 64 3 100 262144 1.9
30 64 3 100 262144 1.9
31 64 3 100 262144 1.9
32 64 3 100 262144 1.9
33 64 3 100 262144 1.9
34 64 3 100 262144 1.9
35 64 3 100 262144 1.9
36 64 3 100 262144 1.9
37 64 3 100 262144 1.9
38 64 3 100 262144 1.9
39 64 3 100 262144 1.9
40 64 3 100 262144 1.9
41 64 3 100 262144 1.9
42 64 3 100 262144 1.9
43 64 3 100 262144 1.9
44 64 3 100 262144 1.9
45 64 3 100 262144 1.9
46 64 3 100 262144 1.9
47 64 3 100 262144 1.9
48 64 3 100 262144 1.9
49 64 3 100 262144 1.9
50 64 3 100 262144 1.9
51 64 3 100 262144 1.9
52 64 3 100 262144 1.9
53 64 3 100 262144 1.9
54 64 3 100 262144 1.9
55 64 3 100 262144 1.9
56 64 3 100 262144 1.9
57 64 3 100 262144 1.9
58 64 3 100 262144 1.9
59 64 3 100 262144 1.9
60 64 3 100 262144 1.9
61 64 3 100 262144 1.9
62 64 3 100 262144 1.9
63 64 3 100 262144 1.9
