65
0 0 0 1 4000000000 0 0 0 1000000000
1 0 1 64 4194304 0 0 0 2000000000
2 0 1 64 4194304 0 0 0 2000000000
3 0 1 64 4194304 0 0 0 2000000000
4 0 1 64 4194304 0 0 0 2000000000
5 0 1 64 4194304 0 0 0 2000000000
6 0 1 64 4194304 0 0 0 2000000000
7 0 1 64 4194304 0 0 0 2000000000
8 0 1 64 4194304 0 0 0 2000000000
9 0 1 64 4194304 0 0 0 2000000000
10 0 1 64 4194304 0 0 0 2000000000
11 0 1 64 4194304 0 0 0 2000000000
12 0 1 64 4194304 0 0 0 2000000000
13 0 1 64 4194304 0 0 0 2000000000
14 0 1 64 4194304 0 0 0 2000000000
15 0 1 64 4194304 0 0 0 2000000000
16 0 1 64 4194304 0 0 0 2000000000
17 0 1 64 4194304 0 0 0 2000000000
18 0 1 64 4194304 0 0 0 2000000000
19 0 1 64 4194304 0 0 0 2000000000
20 0 1 64 4194304 0 0 0 2000000000
21 0 1 64 4194304 0 0 0 2000000000
22 0 1 64 4194304 0 0 0 2000000000
23 0 1 64 4194304 0 0 0 2000000000
24 0 1 64 4194304 0 0 0 2000000000
25 0 1 64 4194304 0 0 0 2000000000
26 0 1 64 4194304 0 0 0 2000000000
27 0 1 64 4194304 0 0 0 2000000000
28 0 1 64 4194304 0 0 0 2000000000
29 0 1 64 4194304 0 0 0 2000000000
30 0 1 64 4194304 0 0 0 2000000000
31 0 1 64 4194304 0 0 0 2000000000
32 0 1 64 4194304 0 0 0 2000000000
33 0 1 64 4194304 0 0 0 2000000000
34 0 1 64 4194304 0 0 0 2000000000
35 0 1 64 4194304 0 0 0 2000000000
36 0 1 64 4194304 0 0 0 2000000000
37 0 1 64 4194304 0 0 0 2000000000
38 0 1 64 4194304 0 0 0 2000000000
39 0 1 64 4194304 0 0 0 2000000000
40 0 1 64 4194304 0 0 0 2000000000
41 0 1 64 4194304 0 0 0 2000000000
42 0 1 64 4194304 0 0 0 2000000000
43 0 1 64 4194304 0 0 0 2000000000
44 0 1 64 4194304 0 0 0 2000000000
45 0 1 64 4194304 0 0 0 2000000000
46 0 1 64 4194304 0 0 0 2000000000
47 0 1 64 4194304 0 0 0 2000000000
48 0 1 64 4194304 0 0 0 2000000000
49 0 1 64 4194304 0 0 0 2000000000
50 0 1 64 4194304 0 0 0 2000000000
51 0 1 64 4194304 0 0 0 2000000000
52 0 1 64 4194304 0 0 0 2000000000
53 0 1 64 4194304 0 0 0 2000000000
54 0 1 64 4194304 0 0 0 2000000000
55 0 1 64 4194304 0 0 0 2000000000
56 0 1 64 4194304 0 0 0 2000000000
57 0 1 64 4194304 0 0 0 2000000000
58 0 1 64 4194304 0 0 0 2000000000
59 0 1 64 4194304 0 0 0 2000000000
60 0 1 64 4194304 0 0 0 2000000000
61 0 1 64 4194304 0 0 0 2000000000
62 0 1 64 4194304 0 0 0 2000000000
63 0 1 64 4194304 0 0 0 2000000000
64 0 1 64 4194304 0 0 0 2000000000
