62
65 64 3 100 4000000000 0.5
61 60 3 100 4000000000 0.5
0 64 3 100 262144 1.9
1 64 3 100 262144 1.9
2 64 3 100 262144 1.9
3 64 3 100 262144 1.9
4 64 3 100 262144 1.9
5 64 3 100 262144 1.9
6 64 3 100 262144 1.9
7 64 3 100 262144 1.9
8 64 3 100 262144 1.9
9 64 3 100 262144 1.9
10 64 3 100 262144 1.9
11 64 3 100 262144 1.9
12 64 3 100 262144 1.9
13 64 3 100 262144 1.9
14 64 3 100 262144 1.9
15 64 3 100 262144 1.9
16 64 3 100 262144 1.9
17 64 3 100 262144 1.9
18 64 3 100 262144 1.9
19 64 3 100 262144 1.9
20 64 3 100 262144 1.9
21 64 3 100 262144 1.9
22 64 3 100 262144 1.9
23 64 3 100 262144 1.9
24 64 3 100 262144 1.9
25 64 3 100 262144 1.9
26 64 3 100 262144 1.9
27 64 3 100 262144 1.9
28 64 3 100 262144 1.9
29 64 3 100 262144 1.9
30 60 3 100 262144 1.9
31 60 3 100 262144 1.9
32 60 3 100 262144 1.9
33 60 3 100 262144 1.9
34 60 3 100 262144 1.9
35 60 3 100 262144 1.9
36 60 3 100 262144 1.9
37 60 3 100 262144 1.9
38 60 3 100 262144 1.9
39 60 3 100 262144 1.9
40 60 3 100 262144 1.9
41 60 3 100 262144 1.9
42 60 3 100 262144 1.9
43 60 3 100 262144 1.9
44 60 3 100 262144 1.9
45 60 3 100 262144 1.9
46 60 3 100 262144 1.9
47 60 3 100 262144 1.9
48 60 3 100 262144 1.9
49 60 3 100 262144 1.9
50 60 3 100 262144 1.9
51 60 3 100 262144 1.9
52 60 3 100 262144 1.9
53 60 3 100 262144 1.9
54 60 3 100 262144 1.9
55 60 3 100 262144 1.9
56 60 3 100 262144 1.9
57 60 3 100 262144 1.9
58 60 3 100 262144 1.9
59 60 3 100 262144 1.9
