129
0 0 0 1 4000000000 0 0 0 1000000000
1 0 1 64 1048576 0 0 0 2000000000
2 0 1 64 1048576 0 0 0 2000000000
3 0 1 64 1048576 0 0 0 2000000000
4 0 1 64 1048576 0 0 0 2000000000
5 0 1 64 1048576 0 0 0 2000000000
6 0 1 64 1048576 0 0 0 2000000000
7 0 1 64 1048576 0 0 0 2000000000
8 0 1 64 1048576 0 0 0 2000000000
9 0 1 64 1048576 0 0 0 2000000000
10 0 1 64 1048576 0 0 0 2000000000
11 0 1 64 1048576 0 0 0 2000000000
12 0 1 64 1048576 0 0 0 2000000000
13 0 1 64 1048576 0 0 0 2000000000
14 0 1 64 1048576 0 0 0 2000000000
15 0 1 64 1048576 0 0 0 2000000000
16 0 1 64 1048576 0 0 0 2000000000
17 0 1 64 1048576 0 0 0 2000000000
18 0 1 64 1048576 0 0 0 2000000000
19 0 1 64 1048576 0 0 0 2000000000
20 0 1 64 1048576 0 0 0 2000000000
21 0 1 64 1048576 0 0 0 2000000000
22 0 1 64 1048576 0 0 0 2000000000
23 0 1 64 1048576 0 0 0 2000000000
24 0 1 64 1048576 0 0 0 2000000000
25 0 1 64 1048576 0 0 0 2000000000
26 0 1 64 1048576 0 0 0 2000000000
27 0 1 64 1048576 0 0 0 2000000000
28 0 1 64 1048576 0 0 0 2000000000
29 0 1 64 1048576 0 0 0 2000000000
30 0 1 64 1048576 0 0 0 2000000000
31 0 1 64 1048576 0 0 0 2000000000
32 0 1 64 1048576 0 0 0 2000000000
33 0 1 64 1048576 0 0 0 2000000000
34 0 1 64 1048576 0 0 0 2000000000
35 0 1 64 1048576 0 0 0 2000000000
36 0 1 64 1048576 0 0 0 2000000000
37 0 1 64 1048576 0 0 0 2000000000
38 0 1 64 1048576 0 0 0 2000000000
39 0 1 64 1048576 0 0 0 2000000000
40 0 1 64 1048576 0 0 0 2000000000
41 0 1 64 1048576 0 0 0 2000000000
42 0 1 64 1048576 0 0 0 2000000000
43 0 1 64 1048576 0 0 0 2000000000
44 0 1 64 1048576 0 0 0 2000000000
45 0 1 64 1048576 0 0 0 2000000000
46 0 1 64 1048576 0 0 0 2000000000
47 0 1 64 1048576 0 0 0 2000000000
48 0 1 64 1048576 0 0 0 2000000000
49 0 1 64 1048576 0 0 0 2000000000
50 0 1 64 1048576 0 0 0 2000000000
51 0 1 64 1048576 0 0 0 2000000000
52 0 1 64 1048576 0 0 0 2000000000
53 0 1 64 1048576 0 0 0 2000000000
54 0 1 64 1048576 0 0 0 2000000000
55 0 1 64 1048576 0 0 0 2000000000
56 0 1 64 1048576 0 0 0 2000000000
57 0 1 64 1048576 0 0 0 2000000000
58 0 1 64 1048576 0 0 0 2000000000
59 0 1 64 1048576 0 0 0 2000000000
60 0 1 64 1048576 0 0 0 2000000000
61 0 1 64 1048576 0 0 0 2000000000
62 0 1 64 1048576 0 0 0 2000000000
63 0 1 64 1048576 0 0 0 2000000000
64 0 1 64 1048576 0 0 0 2000000000
65 0 2 64 1048576 0 0 0 2055500000
66 0 2 64 1048576 0 0 0 2055500000
67 0 2 64 1048576 0 0 0 2055500000
68 0 2 64 1048576 0 0 0 2055500000
69 0 2 64 1048576 0 0 0 2055500000
70 0 2 64 1048576 0 0 0 2055500000
71 0 2 64 1048576 0 0 0 2055500000
72 0 2 64 1048576 0 0 0 2055500000
73 0 2 64 1048576 0 0 0 2055500000
74 0 2 64 1048576 0 0 0 2055500000
75 0 2 64 1048576 0 0 0 2055500000
76 0 2 64 1048576 0 0 0 2055500000
77 0 2 64 1048576 0 0 0 2055500000
78 0 2 64 1048576 0 0 0 2055500000
79 0 2 64 1048576 0 0 0 2055500000
80 0 2 64 1048576 0 0 0 2055500000
81 0 2 64 1048576 0 0 0 2055500000
82 0 2 64 1048576 0 0 0 2055500000
83 0 2 64 1048576 0 0 0 2055500000
84 0 2 64 1048576 0 0 0 2055500000
85 0 2 64 1048576 0 0 0 2055500000
86 0 2 64 1048576 0 0 0 2055500000
87 0 2 64 1048576 0 0 0 2055500000
88 0 2 64 1048576 0 0 0 2055500000
89 0 2 64 1048576 0 0 0 2055500000
90 0 2 64 1048576 0 0 0 2055500000
91 0 2 64 1048576 0 0 0 2055500000
92 0 2 64 1048576 0 0 0 2055500000
93 0 2 64 1048576 0 0 0 2055500000
94 0 2 64 1048576 0 0 0 2055500000
95 0 2 64 1048576 0 0 0 2055500000
96 0 2 64 1048576 0 0 0 2055500000
97 0 2 64 1048576 0 0 0 2055500000
98 0 2 64 1048576 0 0 0 2055500000
99 0 2 64 1048576 0 0 0 2055500000
100 0 2 64 1048576 0 0 0 2055500000
101 0 2 64 1048576 0 0 0 2055500000
102 0 2 64 1048576 0 0 0 2055500000
103 0 2 64 1048576 0 0 0 2055500000
104 0 2 64 1048576 0 0 0 2055500000
105 0 2 64 1048576 0 0 0 2055500000
106 0 2 64 1048576 0 0 0 2055500000
107 0 2 64 1048576 0 0 0 2055500000
108 0 2 64 1048576 0 0 0 2055500000
109 0 2 64 1048576 0 0 0 2055500000
110 0 2 64 1048576 0 0 0 2055500000
111 0 2 64 1048576 0 0 0 2055500000
112 0 2 64 1048576 0 0 0 2055500000
113 0 2 64 1048576 0 0 0 2055500000
114 0 2 64 1048576 0 0 0 2055500000
115 0 2 64 1048576 0 0 0 2055500000
116 0 2 64 1048576 0 0 0 2055500000
117 0 2 64 1048576 0 0 0 2055500000
118 0 2 64 1048576 0 0 0 2055500000
119 0 2 64 1048576 0 0 0 2055500000
120 0 2 64 1048576 0 0 0 2055500000
121 0 2 64 1048576 0 0 0 2055500000
122 0 2 64 1048576 0 0 0 2055500000
123 0 2 64 1048576 0 0 0 2055500000
124 0 2 64 1048576 0 0 0 2055500000
125 0 2 64 1048576 0 0 0 2055500000
126 0 2 64 1048576 0 0 0 2055500000
127 0 2 64 1048576 0 0 0 2055500000
128 0 2 64 1048576 0 0 0 2055500000
