0b000101 0b001001 10000 100 262144 9990000 539412 30301
0b000e01 0b001001 10000 100 262144 9990000 539462 30301
0b000301 0b001001 10000 100 262144 9990000 540121 30301
0b000701 0b001001 10000 100 262144 9990000 540171 30301
0b000c01 0b001001 10000 100 262144 9990000 540395 30301
0b000b01 0b001001 10000 100 262144 9990000 540619 30301
0b000501 0b001001 10000 100 262144 9990000 540669 30301
0b000901 0b001001 10000 100 262144 9990000 540893 30301
0b000201 0b001001 10000 100 262144 9990000 541204 30301
0b000001 0b001001 10000 100 262144 9990000 542994 30301
0b000d01 0b001001 10000 100 262144 9990000 543218 30301
0b000a01 0b001001 10000 100 262144 9990000 543442 30301
0b000401 0b001001 10000 100 262144 9990000 543492 30301
0b000601 0b001001 10000 100 262144 9990000 543542 30301
0b000801 0b001001 10000 100 262144 9990000 543592 30301
0b000f01 0b001001 10000 100 262144 9990000 543642 30301
