64
0 0 0 16 65536 0 -2233 0 10000000
0 1 1 16 65536 50000 4357 0 0
0 2 2 16 65536 50000 3348 0 0
0 3 3 16 65536 50000 2599 0 0
1 0 0 16 65536 0 -898 1 10000000
1 1 1 16 65536 50000 -2435 1 0
1 2 2 16 65536 50000 2320 1 0
1 3 3 16 65536 50000 -3645 1 0
2 0 0 16 65536 0 801 2 10000000
2 1 1 16 65536 50000 -1140 2 0
2 2 2 16 65536 50000 3779 2 0
2 3 3 16 65536 50000 -1402 2 0
3 0 0 16 65536 0 4400 3 10000000
3 1 1 16 65536 50000 -2280 3 0
3 2 2 16 65536 50000 1011 3 0
3 3 3 16 65536 50000 -3437 3 0
4 0 0 16 65536 0 -2653 4 10000000
4 1 1 16 65536 50000 2485 4 0
4 2 2 16 65536 50000 4988 4 0
4 3 3 16 65536 50000 3995 4 0
5 0 0 16 65536 0 -2375 5 10000000
5 1 1 16 65536 50000 1384 5 0
5 2 2 16 65536 50000 2581 5 0
5 3 3 16 65536 50000 -2441 5 0
6 0 0 16 65536 0 2984 6 10000000
6 1 1 16 65536 50000 -754 6 0
6 2 2 16 65536 50000 -4055 6 0
6 3 3 16 65536 50000 4079 6 0
7 0 0 16 65536 0 4033 7 10000000
7 1 1 16 65536 50000 116 7 0
7 2 2 16 65536 50000 -4167 7 0
7 3 3 16 65536 50000 -3698 7 0
8 0 0 16 65536 0 -907 8 10000000
8 1 1 16 65536 50000 -4713 8 0
8 2 2 16 65536 50000 3552 8 0
8 3 3 16 65536 50000 4333 8 0
9 0 0 16 65536 0 1723 9 10000000
9 1 1 16 65536 50000 1390 9 0
9 2 2 16 65536 50000 -2865 9 0
9 3 3 16 65536 50000 -2629 9 0
10 0 0 16 65536 0 -4237 10 10000000
10 1 1 16 65536 50000 -3812 10 0
10 2 2 16 65536 50000 4081 10 0
10 3 3 16 65536 50000 3035 10 0
11 0 0 16 65536 0 -2944 11 10000000
11 1 1 16 65536 50000 -293 11 0
11 2 2 16 65536 50000 2377 11 0
11 3 3 16 65536 50000 -3026 11 0
12 0 0 16 65536 0 -2157 12 10000000
12 1 1 16 65536 50000 4802 12 0
12 2 2 16 65536 50000 -1049 12 0
12 3 3 16 65536 50000 -3585 12 0
13 0 0 16 65536 0 -62 13 10000000
13 1 1 16 65536 50000 2224 13 0
13 2 2 16 65536 50000 3665 13 0
13 3 3 16 65536 50000 2601 13 0
14 0 0 16 65536 0 -4484 14 10000000
14 1 1 16 65536 50000 2035 14 0
14 2 2 16 65536 50000 -120 14 0
14 3 3 16 65536 50000 -4561 14 0
15 0 0 16 65536 0 4789 15 10000000
15 1 1 16 65536 50000 -4101 15 0
15 2 2 16 65536 50000 -180 15 0
15 3 3 16 65536 50000 3806 15 0
